0
12
41
-33
-112
-7
0
12
41
110
-80
107
8
0
69
0
0
60
-41
125
64
0
64
6
79
56
10
0
0
3
10
0
0
4
-19
-33
48
57
-25
-66
107
56
0
0
0
0
-96
2
114
16
-111
-32
0
0
2
4
5
-76
4
2
8
10
2
-77
-68
69
0
0
0
0
1
3
3
7
-115
-58
-70
-100
-32
116
-42
91
47
126
12
111
-85
-85
12
-80
-127
-25
-10
-126
-5
5
102
20
69
-75
-65
55
60
-27
-11
-94
-99
-128
-72
-92
-50
-45
-89
-40
14
-42
-125
9
-18
-39
-39
124
9
111
-81
-83
38
75
46
-127
-22
-88
-110
-97
-92
-49
-85
-101
20
53
16
95
7
-49
95
-10
22
112
85
-80
-84
15
-71
-49
60
-32
-114
-70
58
124
-120
46
84
-3
-85
-121
-96
-11
-106
-92
-14
-8
35
117
100
-95
112
-1
56
-76
74
-35
-5
84
103
-125
-119
24
-24
62
27
43
-48
65
19
20
88
-41
32
21
-114
46
124
30
-37
-117
105
-100
17
124
22
-78
55
8
72
-59
73
7
11
-38
31
104
-75
-106
71
20
-62
44
80
-85
19
-112
-65
-78
-116
-2
-89
68
-117
75
-119
-26
-16
-119
-35
-107
-81
-24
76
-78
-85
77
124
59
-77
58
15
-78
24
58
-44
-123
-32
25
-114
-125
-39
61
-16
-34
113
52
-115
-64
-31
-96
6
-65
23
35
111
67
19
-8
-91
-55
51
-128
-116
-51
-44
-96
-45
-101
-14
65
96
3
-44
-15
69
33
79
31
-30
78
98
102
67
-50
-49
-30
10
-73
31
-69
25
-5
-42
-37
-108
114
79
66
-24
-82
83
98
-30
-43
-101
5
31
16
-3
-61
-81
-38
-108
-4
40
113
-32
0
66
99
-30
97
106
118
-118
-30
-94
112
-37
66
-28
120
-67
-78
-8
-29
-89
-124
-102
-72
-58
17
37
15
110
66
12
105
47
107
107
-59
81
122
22
85
19
-10
76
42
-57
-109
33
-96
24
-16
83
-76
-61
49
85
-91
-83
44
28
61
-102
91
103
109
-121
-9
49
63
80
-37
71
-7
-119
11
16
61
111
-95
87
-99
-92
-121
27
105
65
-50
91
-49
-20
-43
18
-50
-109
-21
-113
55
-97
-9
-4
99
116
79
-122
-33
77
18
112
-50
66
-14
-117
-42
15
-71
36
101
118
-94
44
54
93
40
-125
-99
86
-53
118
-37
-92
-11
97
-85
-125
70
-17
-46
-40
-40
66
79
49
20
-125
-56
18
116
72
-116
33
101
-94
-55
42
-83
116
-111
1
-32
-22
43
51
-64
77
78
125
-104
-90
-58
-105
-91
-63
93
-119
-82
78
52
-90
-104
-43
112
-93
74
107
-74
-89
-85
66
-52
8
23
67
-16
-75
-122
-86
-55
74
0
46
-89
92
64
49
85
-31
-125
-104
63
92
42
-6
-71
-124
30
-2
-73
-86
-13
98
-17
-82
-112
69
86
-116
117
6
115
-88
126
80
40
-98
127
-72
-29
-16
90
-72
6
-49
-78
-34
78
114
65
-10
-27
53
-17
-85
5
20
-70
118
103
60
58
-35
-47
-24
-119
125
-102
114
-98
-92
-15
115
12
-84
-17
103
-14
68
88
7
20
-30
110
-89
69
-94
41
-68
-119
18
19
4
115
-106
-115
-52
35
3
-86
15
91
-33
-118
-102
-54
109
125
58
124
-45
117
-96
-90
-17
76
-72
-96
64
-75
-17
-112
-124
-90
-108
8
-65
-11
-51
-28
-3
31
119
-38
75
2
-70
-12
43
65
-121
105
57
37
64
-115
-128
-64
14
-71
-30
113
-51
-63
14
-32
-118
-91
19
-53
59
-46
-102
-12
-115
9
40
55
42
46
104
28
92
107
58
124
-125
52
-20
-110
56
-48
-54
-110
13
45
112
-120
108
114
-20
110
92
44
123
-7
91
-23
14
-33
24
-31
-17
-77
-12
-10
-3
12
-66
109
121
65
59
86
71
28
112
-10
62
123
-34
-102
-22
-37
127
-107
-121
-107
89
44
-67
125
84
-32
-103
-78
123
-115
30
68
-45
-107
20
-89
-54
-109
-32
-20
-4
37
-107
94
92
-125
122
-80
-56
-58
109
-52
55
119
-112
44
-91
-88
92
-5
14
96
-85
-106
-71
-125
21
-120
29
-82
58
-66
-5
53
-12
38
99
69
42
-108
81
70
32
-55
-16
42
-92
105
-63
81
-125
-14
120
-11
51
10
47
-90
63
58
98
-88
-105
11
-62
-113
78
2
19
-89
97
25
13
-62
36
17
-118
-101
-38
20
6
55
-17
16
-32
2
2
24
-103
12
-59
114
-105
-81
17
124
-75
-109
120
112
91
-7
-65
117
16
81
-44
-78
114
-75
88
38
119
-17
-42
71
-95
-128
112
-32
-48
42
3
-109
20
6
6
63
-96
82
-14
46
77
122
38
-62
34
108
-9
-19
103
28
-61
73
-22
14
-17
-53
118
97
66
41
4
10
126
-25
-2
18
-70
-94
-49
71
-65
-5
-89
111
35
-55
127
-65
-48
122
-44
-71
-122
0
121
-9
11
-93
68
-85
72
-55
-39
20
-77
61
21
79
45
-5
75
-82
6
40
-107
-25
-124
85
37
-6
-15
-62
-118
-71
89
84
-27
98
-34
-21
-95
64
